/* New file structure 15.02.2006. 1st data line: Area [cm^2], start Voltage, Stop Voltage, Step Voltage, Temperature. Rest of file: Voltage, capacitance, conductance, depth, doping concentration
5.020000E-3	0.000000E+0	-1.600000E+1	5.000000E-1
0.000000	1.785000E-10	8.700000E-5	2.936911E-5	7.083978E+15
-0.500000	1.222000E-10	3.700000E-5	4.290005E-5	6.560085E+15
-1.000000	9.820000E-11	2.700000E-5	5.338479E-5	6.374483E+15
-1.500000	8.410000E-11	2.000000E-5	6.233515E-5	6.363095E+15
-2.000000	7.490000E-11	1.700000E-5	6.999180E-5	6.335626E+15
-2.500000	6.800000E-11	1.500000E-5	7.709391E-5	6.367504E+15
-3.000000	6.290000E-11	1.300000E-5	8.334477E-5	6.329746E+15
-3.500000	5.860000E-11	1.200000E-5	8.946051E-5	6.191026E+15
-4.000000	5.510000E-11	1.200000E-5	9.514312E-5	6.259668E+15
-4.500000	5.220000E-11	1.100000E-5	0.000100	6.286309E+15
-5.000000	4.970000E-11	1.000000E-5	0.000105	6.224006E+15
-5.500000	4.750000E-11	1.000000E-5	0.000110	6.235919E+15
-6.000000	4.560000E-11	9.000000E-6	0.000115	6.269059E+15
-6.500000	4.390000E-11	9.000000E-6	0.000119	6.523861E+15
-7.000000	4.250000E-11	8.000000E-6	0.000123	6.488891E+15
-7.500000	4.110000E-11	8.000000E-6	0.000128	6.108227E+15
-8.000000	3.980000E-11	8.000000E-6	0.000132	6.266517E+15
-8.500000	3.870000E-11	8.000000E-6	0.000135	6.562399E+15
-9.000000	3.770000E-11	8.000000E-6	0.000139	6.345816E+15
-9.500000	3.670000E-11	7.000000E-6	0.000143	6.187890E+15
-10.000000	3.580000E-11	7.000000E-6	0.000146	6.421477E+15
-10.500000	3.500000E-11	7.000000E-6	0.000150	6.349434E+15
-11.000000	3.420000E-11	7.000000E-6	0.000153	5.923627E+15
-11.500000	3.340000E-11	6.000000E-6	0.000157	6.364024E+15
-12.000000	3.280000E-11	6.000000E-6	0.000160	6.970346E+15
-12.500000	3.220000E-11	6.000000E-6	0.000163	6.594616E+15
-13.000000	3.160000E-11	6.000000E-6	0.000166	6.232633E+15
-13.500000	3.100000E-11	6.000000E-6	0.000169	6.450960E+15
-14.000000	3.050000E-11	6.000000E-6	0.000172	6.084019E+15
-14.500000	2.990000E-11	6.000000E-6	0.000175	5.789081E+15
-15.000000	2.940000E-11	6.000000E-6	0.000178	6.728455E+15
-15.500000	2.900000E-11	6.000000E-6	0.000181	6.391431E+15
-16.000000	2.850000E-11	5.000000E-6	0.000184	-3.989613E+14
